5
12 4
6 5 15 10 13 8 13 13 13 6 14 15
10 10 5 7 6 7 6 7 10
25 5
15 13 12 13 11 9 12 12 11 12 5 13 8 7 14 7 5 6 12 10 5 5 6 14 8
8 8 10 10 10 5 6 10 6 8 7 8 9 6 5 6 10 10 8 9
48 12
11 9 13 10 7 14 14 11 6 12 10 9 5 6 10 10 14 8 15 15 14 14 9 12 12 5 15 7 12 10 10 10 7 15 9 6 8 9 10 7 7 11 7 8 7 8 10 7
7 10 9 10 7 9 8 5 8 10 7 6 7 7 10 7 6 7 6 7 6 7 6 7 10 9 6 8 5 9 8 6 6 6 7 9 10 7 7 7 5 6 8 9
18 6
11 5 15 14 8 10 14 12 10 12 10 11 10 8 8 9 5 15
7 7 9 10 7 7 5 10 5 6 6 5 10 8 8
20 5
15 9 6 13 15 11 6 12 13 5 13 7 6 10 11 5 13 14 11 7
10 9 8 8 6 8 9 6 8 10 7 6 9 5 9 7